# numk K[0] k[1] k[2], en coordenadas cartesianas 
-0.49	-0.49	0.0	
-0.49	-0.47	0.0	
-0.49	-0.45	0.0	
-0.49	-0.43	0.0	
-0.49	-0.41	0.0	
-0.49	-0.39	0.0	
-0.49	-0.37	0.0	
-0.49	-0.35	0.0	
-0.49	-0.33	0.0	
-0.49	-0.31	0.0	
-0.49	-0.29	0.0	
-0.49	-0.27	0.0	
-0.49	-0.25	0.0	
-0.49	-0.23	0.0	
-0.49	-0.21	0.0	
-0.49	-0.19	0.0	
-0.49	-0.17	0.0	
-0.49	-0.15	0.0	
-0.49	-0.13	0.0	
-0.49	-0.11	0.0	
-0.49	-0.09	0.0	
-0.49	-0.07	0.0	
-0.49	-0.05	0.0	
-0.49	-0.03	0.0	
-0.49	-0.01	0.0	
-0.49	0.01	0.0	
-0.49	0.03	0.0	
-0.49	0.05	0.0	
-0.49	0.07	0.0	
-0.49	0.09	0.0	
-0.49	0.11	0.0	
-0.49	0.13	0.0	
-0.49	0.15	0.0	
-0.49	0.17	0.0	
-0.49	0.19	0.0	
-0.49	0.21	0.0	
-0.49	0.23	0.0	
-0.49	0.25	0.0	
-0.49	0.27	0.0	
-0.49	0.29	0.0	
-0.49	0.31	0.0	
-0.49	0.33	0.0	
-0.49	0.35	0.0	
-0.49	0.37	0.0	
-0.49	0.39	0.0	
-0.49	0.41	0.0	
-0.49	0.43	0.0	
-0.49	0.45	0.0	
-0.49	0.47	0.0	
-0.49	0.49	0.0	
-0.47	-0.49	0.0	
-0.47	-0.47	0.0	
-0.47	-0.45	0.0	
-0.47	-0.43	0.0	
-0.47	-0.41	0.0	
-0.47	-0.39	0.0	
-0.47	-0.37	0.0	
-0.47	-0.35	0.0	
-0.47	-0.33	0.0	
-0.47	-0.31	0.0	
-0.47	-0.29	0.0	
-0.47	-0.27	0.0	
-0.47	-0.25	0.0	
-0.47	-0.23	0.0	
-0.47	-0.21	0.0	
-0.47	-0.19	0.0	
-0.47	-0.17	0.0	
-0.47	-0.15	0.0	
-0.47	-0.13	0.0	
-0.47	-0.11	0.0	
-0.47	-0.09	0.0	
-0.47	-0.07	0.0	
-0.47	-0.05	0.0	
-0.47	-0.03	0.0	
-0.47	-0.01	0.0	
-0.47	0.01	0.0	
-0.47	0.03	0.0	
-0.47	0.05	0.0	
-0.47	0.07	0.0	
-0.47	0.09	0.0	
-0.47	0.11	0.0	
-0.47	0.13	0.0	
-0.47	0.15	0.0	
-0.47	0.17	0.0	
-0.47	0.19	0.0	
-0.47	0.21	0.0	
-0.47	0.23	0.0	
-0.47	0.25	0.0	
-0.47	0.27	0.0	
-0.47	0.29	0.0	
-0.47	0.31	0.0	
-0.47	0.33	0.0	
-0.47	0.35	0.0	
-0.47	0.37	0.0	
-0.47	0.39	0.0	
-0.47	0.41	0.0	
-0.47	0.43	0.0	
-0.47	0.45	0.0	
-0.47	0.47	0.0	
-0.47	0.49	0.0	
-0.45	-0.49	0.0	
-0.45	-0.47	0.0	
-0.45	-0.45	0.0	
-0.45	-0.43	0.0	
-0.45	-0.41	0.0	
-0.45	-0.39	0.0	
-0.45	-0.37	0.0	
-0.45	-0.35	0.0	
-0.45	-0.33	0.0	
-0.45	-0.31	0.0	
-0.45	-0.29	0.0	
-0.45	-0.27	0.0	
-0.45	-0.25	0.0	
-0.45	-0.23	0.0	
-0.45	-0.21	0.0	
-0.45	-0.19	0.0	
-0.45	-0.17	0.0	
-0.45	-0.15	0.0	
-0.45	-0.13	0.0	
-0.45	-0.11	0.0	
-0.45	-0.09	0.0	
-0.45	-0.07	0.0	
-0.45	-0.05	0.0	
-0.45	-0.03	0.0	
-0.45	-0.01	0.0	
-0.45	0.01	0.0	
-0.45	0.03	0.0	
-0.45	0.05	0.0	
-0.45	0.07	0.0	
-0.45	0.09	0.0	
-0.45	0.11	0.0	
-0.45	0.13	0.0	
-0.45	0.15	0.0	
-0.45	0.17	0.0	
-0.45	0.19	0.0	
-0.45	0.21	0.0	
-0.45	0.23	0.0	
-0.45	0.25	0.0	
-0.45	0.27	0.0	
-0.45	0.29	0.0	
-0.45	0.31	0.0	
-0.45	0.33	0.0	
-0.45	0.35	0.0	
-0.45	0.37	0.0	
-0.45	0.39	0.0	
-0.45	0.41	0.0	
-0.45	0.43	0.0	
-0.45	0.45	0.0	
-0.45	0.47	0.0	
-0.45	0.49	0.0	
-0.43	-0.49	0.0	
-0.43	-0.47	0.0	
-0.43	-0.45	0.0	
-0.43	-0.43	0.0	
-0.43	-0.41	0.0	
-0.43	-0.39	0.0	
-0.43	-0.37	0.0	
-0.43	-0.35	0.0	
-0.43	-0.33	0.0	
-0.43	-0.31	0.0	
-0.43	-0.29	0.0	
-0.43	-0.27	0.0	
-0.43	-0.25	0.0	
-0.43	-0.23	0.0	
-0.43	-0.21	0.0	
-0.43	-0.19	0.0	
-0.43	-0.17	0.0	
-0.43	-0.15	0.0	
-0.43	-0.13	0.0	
-0.43	-0.11	0.0	
-0.43	-0.09	0.0	
-0.43	-0.07	0.0	
-0.43	-0.05	0.0	
-0.43	-0.03	0.0	
-0.43	-0.01	0.0	
-0.43	0.01	0.0	
-0.43	0.03	0.0	
-0.43	0.05	0.0	
-0.43	0.07	0.0	
-0.43	0.09	0.0	
-0.43	0.11	0.0	
-0.43	0.13	0.0	
-0.43	0.15	0.0	
-0.43	0.17	0.0	
-0.43	0.19	0.0	
-0.43	0.21	0.0	
-0.43	0.23	0.0	
-0.43	0.25	0.0	
-0.43	0.27	0.0	
-0.43	0.29	0.0	
-0.43	0.31	0.0	
-0.43	0.33	0.0	
-0.43	0.35	0.0	
-0.43	0.37	0.0	
-0.43	0.39	0.0	
-0.43	0.41	0.0	
-0.43	0.43	0.0	
-0.43	0.45	0.0	
-0.43	0.47	0.0	
-0.43	0.49	0.0	
-0.41	-0.49	0.0	
-0.41	-0.47	0.0	
-0.41	-0.45	0.0	
-0.41	-0.43	0.0	
-0.41	-0.41	0.0	
-0.41	-0.39	0.0	
-0.41	-0.37	0.0	
-0.41	-0.35	0.0	
-0.41	-0.33	0.0	
-0.41	-0.31	0.0	
-0.41	-0.29	0.0	
-0.41	-0.27	0.0	
-0.41	-0.25	0.0	
-0.41	-0.23	0.0	
-0.41	-0.21	0.0	
-0.41	-0.19	0.0	
-0.41	-0.17	0.0	
-0.41	-0.15	0.0	
-0.41	-0.13	0.0	
-0.41	-0.11	0.0	
-0.41	-0.09	0.0	
-0.41	-0.07	0.0	
-0.41	-0.05	0.0	
-0.41	-0.03	0.0	
-0.41	-0.01	0.0	
-0.41	0.01	0.0	
-0.41	0.03	0.0	
-0.41	0.05	0.0	
-0.41	0.07	0.0	
-0.41	0.09	0.0	
-0.41	0.11	0.0	
-0.41	0.13	0.0	
-0.41	0.15	0.0	
-0.41	0.17	0.0	
-0.41	0.19	0.0	
-0.41	0.21	0.0	
-0.41	0.23	0.0	
-0.41	0.25	0.0	
-0.41	0.27	0.0	
-0.41	0.29	0.0	
-0.41	0.31	0.0	
-0.41	0.33	0.0	
-0.41	0.35	0.0	
-0.41	0.37	0.0	
-0.41	0.39	0.0	
-0.41	0.41	0.0	
-0.41	0.43	0.0	
-0.41	0.45	0.0	
-0.41	0.47	0.0	
-0.41	0.49	0.0	
-0.39	-0.49	0.0	
-0.39	-0.47	0.0	
-0.39	-0.45	0.0	
-0.39	-0.43	0.0	
-0.39	-0.41	0.0	
-0.39	-0.39	0.0	
-0.39	-0.37	0.0	
-0.39	-0.35	0.0	
-0.39	-0.33	0.0	
-0.39	-0.31	0.0	
-0.39	-0.29	0.0	
-0.39	-0.27	0.0	
-0.39	-0.25	0.0	
-0.39	-0.23	0.0	
-0.39	-0.21	0.0	
-0.39	-0.19	0.0	
-0.39	-0.17	0.0	
-0.39	-0.15	0.0	
-0.39	-0.13	0.0	
-0.39	-0.11	0.0	
-0.39	-0.09	0.0	
-0.39	-0.07	0.0	
-0.39	-0.05	0.0	
-0.39	-0.03	0.0	
-0.39	-0.01	0.0	
-0.39	0.01	0.0	
-0.39	0.03	0.0	
-0.39	0.05	0.0	
-0.39	0.07	0.0	
-0.39	0.09	0.0	
-0.39	0.11	0.0	
-0.39	0.13	0.0	
-0.39	0.15	0.0	
-0.39	0.17	0.0	
-0.39	0.19	0.0	
-0.39	0.21	0.0	
-0.39	0.23	0.0	
-0.39	0.25	0.0	
-0.39	0.27	0.0	
-0.39	0.29	0.0	
-0.39	0.31	0.0	
-0.39	0.33	0.0	
-0.39	0.35	0.0	
-0.39	0.37	0.0	
-0.39	0.39	0.0	
-0.39	0.41	0.0	
-0.39	0.43	0.0	
-0.39	0.45	0.0	
-0.39	0.47	0.0	
-0.39	0.49	0.0	
-0.37	-0.49	0.0	
-0.37	-0.47	0.0	
-0.37	-0.45	0.0	
-0.37	-0.43	0.0	
-0.37	-0.41	0.0	
-0.37	-0.39	0.0	
-0.37	-0.37	0.0	
-0.37	-0.35	0.0	
-0.37	-0.33	0.0	
-0.37	-0.31	0.0	
-0.37	-0.29	0.0	
-0.37	-0.27	0.0	
-0.37	-0.25	0.0	
-0.37	-0.23	0.0	
-0.37	-0.21	0.0	
-0.37	-0.19	0.0	
-0.37	-0.17	0.0	
-0.37	-0.15	0.0	
-0.37	-0.13	0.0	
-0.37	-0.11	0.0	
-0.37	-0.09	0.0	
-0.37	-0.07	0.0	
-0.37	-0.05	0.0	
-0.37	-0.03	0.0	
-0.37	-0.01	0.0	
-0.37	0.01	0.0	
-0.37	0.03	0.0	
-0.37	0.05	0.0	
-0.37	0.07	0.0	
-0.37	0.09	0.0	
-0.37	0.11	0.0	
-0.37	0.13	0.0	
-0.37	0.15	0.0	
-0.37	0.17	0.0	
-0.37	0.19	0.0	
-0.37	0.21	0.0	
-0.37	0.23	0.0	
-0.37	0.25	0.0	
-0.37	0.27	0.0	
-0.37	0.29	0.0	
-0.37	0.31	0.0	
-0.37	0.33	0.0	
-0.37	0.35	0.0	
-0.37	0.37	0.0	
-0.37	0.39	0.0	
-0.37	0.41	0.0	
-0.37	0.43	0.0	
-0.37	0.45	0.0	
-0.37	0.47	0.0	
-0.37	0.49	0.0	
-0.35	-0.49	0.0	
-0.35	-0.47	0.0	
-0.35	-0.45	0.0	
-0.35	-0.43	0.0	
-0.35	-0.41	0.0	
-0.35	-0.39	0.0	
-0.35	-0.37	0.0	
-0.35	-0.35	0.0	
-0.35	-0.33	0.0	
-0.35	-0.31	0.0	
-0.35	-0.29	0.0	
-0.35	-0.27	0.0	
-0.35	-0.25	0.0	
-0.35	-0.23	0.0	
-0.35	-0.21	0.0	
-0.35	-0.19	0.0	
-0.35	-0.17	0.0	
-0.35	-0.15	0.0	
-0.35	-0.13	0.0	
-0.35	-0.11	0.0	
-0.35	-0.09	0.0	
-0.35	-0.07	0.0	
-0.35	-0.05	0.0	
-0.35	-0.03	0.0	
-0.35	-0.01	0.0	
-0.35	0.01	0.0	
-0.35	0.03	0.0	
-0.35	0.05	0.0	
-0.35	0.07	0.0	
-0.35	0.09	0.0	
-0.35	0.11	0.0	
-0.35	0.13	0.0	
-0.35	0.15	0.0	
-0.35	0.17	0.0	
-0.35	0.19	0.0	
-0.35	0.21	0.0	
-0.35	0.23	0.0	
-0.35	0.25	0.0	
-0.35	0.27	0.0	
-0.35	0.29	0.0	
-0.35	0.31	0.0	
-0.35	0.33	0.0	
-0.35	0.35	0.0	
-0.35	0.37	0.0	
-0.35	0.39	0.0	
-0.35	0.41	0.0	
-0.35	0.43	0.0	
-0.35	0.45	0.0	
-0.35	0.47	0.0	
-0.35	0.49	0.0	
-0.33	-0.49	0.0	
-0.33	-0.47	0.0	
-0.33	-0.45	0.0	
-0.33	-0.43	0.0	
-0.33	-0.41	0.0	
-0.33	-0.39	0.0	
-0.33	-0.37	0.0	
-0.33	-0.35	0.0	
-0.33	-0.33	0.0	
-0.33	-0.31	0.0	
-0.33	-0.29	0.0	
-0.33	-0.27	0.0	
-0.33	-0.25	0.0	
-0.33	-0.23	0.0	
-0.33	-0.21	0.0	
-0.33	-0.19	0.0	
-0.33	-0.17	0.0	
-0.33	-0.15	0.0	
-0.33	-0.13	0.0	
-0.33	-0.11	0.0	
-0.33	-0.09	0.0	
-0.33	-0.07	0.0	
-0.33	-0.05	0.0	
-0.33	-0.03	0.0	
-0.33	-0.01	0.0	
-0.33	0.01	0.0	
-0.33	0.03	0.0	
-0.33	0.05	0.0	
-0.33	0.07	0.0	
-0.33	0.09	0.0	
-0.33	0.11	0.0	
-0.33	0.13	0.0	
-0.33	0.15	0.0	
-0.33	0.17	0.0	
-0.33	0.19	0.0	
-0.33	0.21	0.0	
-0.33	0.23	0.0	
-0.33	0.25	0.0	
-0.33	0.27	0.0	
-0.33	0.29	0.0	
-0.33	0.31	0.0	
-0.33	0.33	0.0	
-0.33	0.35	0.0	
-0.33	0.37	0.0	
-0.33	0.39	0.0	
-0.33	0.41	0.0	
-0.33	0.43	0.0	
-0.33	0.45	0.0	
-0.33	0.47	0.0	
-0.33	0.49	0.0	
-0.31	-0.49	0.0	
-0.31	-0.47	0.0	
-0.31	-0.45	0.0	
-0.31	-0.43	0.0	
-0.31	-0.41	0.0	
-0.31	-0.39	0.0	
-0.31	-0.37	0.0	
-0.31	-0.35	0.0	
-0.31	-0.33	0.0	
-0.31	-0.31	0.0	
-0.31	-0.29	0.0	
-0.31	-0.27	0.0	
-0.31	-0.25	0.0	
-0.31	-0.23	0.0	
-0.31	-0.21	0.0	
-0.31	-0.19	0.0	
-0.31	-0.17	0.0	
-0.31	-0.15	0.0	
-0.31	-0.13	0.0	
-0.31	-0.11	0.0	
-0.31	-0.09	0.0	
-0.31	-0.07	0.0	
-0.31	-0.05	0.0	
-0.31	-0.03	0.0	
-0.31	-0.01	0.0	
-0.31	0.01	0.0	
-0.31	0.03	0.0	
-0.31	0.05	0.0	
-0.31	0.07	0.0	
-0.31	0.09	0.0	
-0.31	0.11	0.0	
-0.31	0.13	0.0	
-0.31	0.15	0.0	
-0.31	0.17	0.0	
-0.31	0.19	0.0	
-0.31	0.21	0.0	
-0.31	0.23	0.0	
-0.31	0.25	0.0	
-0.31	0.27	0.0	
-0.31	0.29	0.0	
-0.31	0.31	0.0	
-0.31	0.33	0.0	
-0.31	0.35	0.0	
-0.31	0.37	0.0	
-0.31	0.39	0.0	
-0.31	0.41	0.0	
-0.31	0.43	0.0	
-0.31	0.45	0.0	
-0.31	0.47	0.0	
-0.31	0.49	0.0	
-0.29	-0.49	0.0	
-0.29	-0.47	0.0	
-0.29	-0.45	0.0	
-0.29	-0.43	0.0	
-0.29	-0.41	0.0	
-0.29	-0.39	0.0	
-0.29	-0.37	0.0	
-0.29	-0.35	0.0	
-0.29	-0.33	0.0	
-0.29	-0.31	0.0	
-0.29	-0.29	0.0	
-0.29	-0.27	0.0	
-0.29	-0.25	0.0	
-0.29	-0.23	0.0	
-0.29	-0.21	0.0	
-0.29	-0.19	0.0	
-0.29	-0.17	0.0	
-0.29	-0.15	0.0	
-0.29	-0.13	0.0	
-0.29	-0.11	0.0	
-0.29	-0.09	0.0	
-0.29	-0.07	0.0	
-0.29	-0.05	0.0	
-0.29	-0.03	0.0	
-0.29	-0.01	0.0	
-0.29	0.01	0.0	
-0.29	0.03	0.0	
-0.29	0.05	0.0	
-0.29	0.07	0.0	
-0.29	0.09	0.0	
-0.29	0.11	0.0	
-0.29	0.13	0.0	
-0.29	0.15	0.0	
-0.29	0.17	0.0	
-0.29	0.19	0.0	
-0.29	0.21	0.0	
-0.29	0.23	0.0	
-0.29	0.25	0.0	
-0.29	0.27	0.0	
-0.29	0.29	0.0	
-0.29	0.31	0.0	
-0.29	0.33	0.0	
-0.29	0.35	0.0	
-0.29	0.37	0.0	
-0.29	0.39	0.0	
-0.29	0.41	0.0	
-0.29	0.43	0.0	
-0.29	0.45	0.0	
-0.29	0.47	0.0	
-0.29	0.49	0.0	
-0.27	-0.49	0.0	
-0.27	-0.47	0.0	
-0.27	-0.45	0.0	
-0.27	-0.43	0.0	
-0.27	-0.41	0.0	
-0.27	-0.39	0.0	
-0.27	-0.37	0.0	
-0.27	-0.35	0.0	
-0.27	-0.33	0.0	
-0.27	-0.31	0.0	
-0.27	-0.29	0.0	
-0.27	-0.27	0.0	
-0.27	-0.25	0.0	
-0.27	-0.23	0.0	
-0.27	-0.21	0.0	
-0.27	-0.19	0.0	
-0.27	-0.17	0.0	
-0.27	-0.15	0.0	
-0.27	-0.13	0.0	
-0.27	-0.11	0.0	
-0.27	-0.09	0.0	
-0.27	-0.07	0.0	
-0.27	-0.05	0.0	
-0.27	-0.03	0.0	
-0.27	-0.01	0.0	
-0.27	0.01	0.0	
-0.27	0.03	0.0	
-0.27	0.05	0.0	
-0.27	0.07	0.0	
-0.27	0.09	0.0	
-0.27	0.11	0.0	
-0.27	0.13	0.0	
-0.27	0.15	0.0	
-0.27	0.17	0.0	
-0.27	0.19	0.0	
-0.27	0.21	0.0	
-0.27	0.23	0.0	
-0.27	0.25	0.0	
-0.27	0.27	0.0	
-0.27	0.29	0.0	
-0.27	0.31	0.0	
-0.27	0.33	0.0	
-0.27	0.35	0.0	
-0.27	0.37	0.0	
-0.27	0.39	0.0	
-0.27	0.41	0.0	
-0.27	0.43	0.0	
-0.27	0.45	0.0	
-0.27	0.47	0.0	
-0.27	0.49	0.0	
-0.25	-0.49	0.0	
-0.25	-0.47	0.0	
-0.25	-0.45	0.0	
-0.25	-0.43	0.0	
-0.25	-0.41	0.0	
-0.25	-0.39	0.0	
-0.25	-0.37	0.0	
-0.25	-0.35	0.0	
-0.25	-0.33	0.0	
-0.25	-0.31	0.0	
-0.25	-0.29	0.0	
-0.25	-0.27	0.0	
-0.25	-0.25	0.0	
-0.25	-0.23	0.0	
-0.25	-0.21	0.0	
-0.25	-0.19	0.0	
-0.25	-0.17	0.0	
-0.25	-0.15	0.0	
-0.25	-0.13	0.0	
-0.25	-0.11	0.0	
-0.25	-0.09	0.0	
-0.25	-0.07	0.0	
-0.25	-0.05	0.0	
-0.25	-0.03	0.0	
-0.25	-0.01	0.0	
-0.25	0.01	0.0	
-0.25	0.03	0.0	
-0.25	0.05	0.0	
-0.25	0.07	0.0	
-0.25	0.09	0.0	
-0.25	0.11	0.0	
-0.25	0.13	0.0	
-0.25	0.15	0.0	
-0.25	0.17	0.0	
-0.25	0.19	0.0	
-0.25	0.21	0.0	
-0.25	0.23	0.0	
-0.25	0.25	0.0	
-0.25	0.27	0.0	
-0.25	0.29	0.0	
-0.25	0.31	0.0	
-0.25	0.33	0.0	
-0.25	0.35	0.0	
-0.25	0.37	0.0	
-0.25	0.39	0.0	
-0.25	0.41	0.0	
-0.25	0.43	0.0	
-0.25	0.45	0.0	
-0.25	0.47	0.0	
-0.25	0.49	0.0	
-0.23	-0.49	0.0	
-0.23	-0.47	0.0	
-0.23	-0.45	0.0	
-0.23	-0.43	0.0	
-0.23	-0.41	0.0	
-0.23	-0.39	0.0	
-0.23	-0.37	0.0	
-0.23	-0.35	0.0	
-0.23	-0.33	0.0	
-0.23	-0.31	0.0	
-0.23	-0.29	0.0	
-0.23	-0.27	0.0	
-0.23	-0.25	0.0	
-0.23	-0.23	0.0	
-0.23	-0.21	0.0	
-0.23	-0.19	0.0	
-0.23	-0.17	0.0	
-0.23	-0.15	0.0	
-0.23	-0.13	0.0	
-0.23	-0.11	0.0	
-0.23	-0.09	0.0	
-0.23	-0.07	0.0	
-0.23	-0.05	0.0	
-0.23	-0.03	0.0	
-0.23	-0.01	0.0	
-0.23	0.01	0.0	
-0.23	0.03	0.0	
-0.23	0.05	0.0	
-0.23	0.07	0.0	
-0.23	0.09	0.0	
-0.23	0.11	0.0	
-0.23	0.13	0.0	
-0.23	0.15	0.0	
-0.23	0.17	0.0	
-0.23	0.19	0.0	
-0.23	0.21	0.0	
-0.23	0.23	0.0	
-0.23	0.25	0.0	
-0.23	0.27	0.0	
-0.23	0.29	0.0	
-0.23	0.31	0.0	
-0.23	0.33	0.0	
-0.23	0.35	0.0	
-0.23	0.37	0.0	
-0.23	0.39	0.0	
-0.23	0.41	0.0	
-0.23	0.43	0.0	
-0.23	0.45	0.0	
-0.23	0.47	0.0	
-0.23	0.49	0.0	
-0.21	-0.49	0.0	
-0.21	-0.47	0.0	
-0.21	-0.45	0.0	
-0.21	-0.43	0.0	
-0.21	-0.41	0.0	
-0.21	-0.39	0.0	
-0.21	-0.37	0.0	
-0.21	-0.35	0.0	
-0.21	-0.33	0.0	
-0.21	-0.31	0.0	
-0.21	-0.29	0.0	
-0.21	-0.27	0.0	
-0.21	-0.25	0.0	
-0.21	-0.23	0.0	
-0.21	-0.21	0.0	
-0.21	-0.19	0.0	
-0.21	-0.17	0.0	
-0.21	-0.15	0.0	
-0.21	-0.13	0.0	
-0.21	-0.11	0.0	
-0.21	-0.09	0.0	
-0.21	-0.07	0.0	
-0.21	-0.05	0.0	
-0.21	-0.03	0.0	
-0.21	-0.01	0.0	
-0.21	0.01	0.0	
-0.21	0.03	0.0	
-0.21	0.05	0.0	
-0.21	0.07	0.0	
-0.21	0.09	0.0	
-0.21	0.11	0.0	
-0.21	0.13	0.0	
-0.21	0.15	0.0	
-0.21	0.17	0.0	
-0.21	0.19	0.0	
-0.21	0.21	0.0	
-0.21	0.23	0.0	
-0.21	0.25	0.0	
-0.21	0.27	0.0	
-0.21	0.29	0.0	
-0.21	0.31	0.0	
-0.21	0.33	0.0	
-0.21	0.35	0.0	
-0.21	0.37	0.0	
-0.21	0.39	0.0	
-0.21	0.41	0.0	
-0.21	0.43	0.0	
-0.21	0.45	0.0	
-0.21	0.47	0.0	
-0.21	0.49	0.0	
-0.19	-0.49	0.0	
-0.19	-0.47	0.0	
-0.19	-0.45	0.0	
-0.19	-0.43	0.0	
-0.19	-0.41	0.0	
-0.19	-0.39	0.0	
-0.19	-0.37	0.0	
-0.19	-0.35	0.0	
-0.19	-0.33	0.0	
-0.19	-0.31	0.0	
-0.19	-0.29	0.0	
-0.19	-0.27	0.0	
-0.19	-0.25	0.0	
-0.19	-0.23	0.0	
-0.19	-0.21	0.0	
-0.19	-0.19	0.0	
-0.19	-0.17	0.0	
-0.19	-0.15	0.0	
-0.19	-0.13	0.0	
-0.19	-0.11	0.0	
-0.19	-0.09	0.0	
-0.19	-0.07	0.0	
-0.19	-0.05	0.0	
-0.19	-0.03	0.0	
-0.19	-0.01	0.0	
-0.19	0.01	0.0	
-0.19	0.03	0.0	
-0.19	0.05	0.0	
-0.19	0.07	0.0	
-0.19	0.09	0.0	
-0.19	0.11	0.0	
-0.19	0.13	0.0	
-0.19	0.15	0.0	
-0.19	0.17	0.0	
-0.19	0.19	0.0	
-0.19	0.21	0.0	
-0.19	0.23	0.0	
-0.19	0.25	0.0	
-0.19	0.27	0.0	
-0.19	0.29	0.0	
-0.19	0.31	0.0	
-0.19	0.33	0.0	
-0.19	0.35	0.0	
-0.19	0.37	0.0	
-0.19	0.39	0.0	
-0.19	0.41	0.0	
-0.19	0.43	0.0	
-0.19	0.45	0.0	
-0.19	0.47	0.0	
-0.19	0.49	0.0	
-0.17	-0.49	0.0	
-0.17	-0.47	0.0	
-0.17	-0.45	0.0	
-0.17	-0.43	0.0	
-0.17	-0.41	0.0	
-0.17	-0.39	0.0	
-0.17	-0.37	0.0	
-0.17	-0.35	0.0	
-0.17	-0.33	0.0	
-0.17	-0.31	0.0	
-0.17	-0.29	0.0	
-0.17	-0.27	0.0	
-0.17	-0.25	0.0	
-0.17	-0.23	0.0	
-0.17	-0.21	0.0	
-0.17	-0.19	0.0	
-0.17	-0.17	0.0	
-0.17	-0.15	0.0	
-0.17	-0.13	0.0	
-0.17	-0.11	0.0	
-0.17	-0.09	0.0	
-0.17	-0.07	0.0	
-0.17	-0.05	0.0	
-0.17	-0.03	0.0	
-0.17	-0.01	0.0	
-0.17	0.01	0.0	
-0.17	0.03	0.0	
-0.17	0.05	0.0	
-0.17	0.07	0.0	
-0.17	0.09	0.0	
-0.17	0.11	0.0	
-0.17	0.13	0.0	
-0.17	0.15	0.0	
-0.17	0.17	0.0	
-0.17	0.19	0.0	
-0.17	0.21	0.0	
-0.17	0.23	0.0	
-0.17	0.25	0.0	
-0.17	0.27	0.0	
-0.17	0.29	0.0	
-0.17	0.31	0.0	
-0.17	0.33	0.0	
-0.17	0.35	0.0	
-0.17	0.37	0.0	
-0.17	0.39	0.0	
-0.17	0.41	0.0	
-0.17	0.43	0.0	
-0.17	0.45	0.0	
-0.17	0.47	0.0	
-0.17	0.49	0.0	
-0.15	-0.49	0.0	
-0.15	-0.47	0.0	
-0.15	-0.45	0.0	
-0.15	-0.43	0.0	
-0.15	-0.41	0.0	
-0.15	-0.39	0.0	
-0.15	-0.37	0.0	
-0.15	-0.35	0.0	
-0.15	-0.33	0.0	
-0.15	-0.31	0.0	
-0.15	-0.29	0.0	
-0.15	-0.27	0.0	
-0.15	-0.25	0.0	
-0.15	-0.23	0.0	
-0.15	-0.21	0.0	
-0.15	-0.19	0.0	
-0.15	-0.17	0.0	
-0.15	-0.15	0.0	
-0.15	-0.13	0.0	
-0.15	-0.11	0.0	
-0.15	-0.09	0.0	
-0.15	-0.07	0.0	
-0.15	-0.05	0.0	
-0.15	-0.03	0.0	
-0.15	-0.01	0.0	
-0.15	0.01	0.0	
-0.15	0.03	0.0	
-0.15	0.05	0.0	
-0.15	0.07	0.0	
-0.15	0.09	0.0	
-0.15	0.11	0.0	
-0.15	0.13	0.0	
-0.15	0.15	0.0	
-0.15	0.17	0.0	
-0.15	0.19	0.0	
-0.15	0.21	0.0	
-0.15	0.23	0.0	
-0.15	0.25	0.0	
-0.15	0.27	0.0	
-0.15	0.29	0.0	
-0.15	0.31	0.0	
-0.15	0.33	0.0	
-0.15	0.35	0.0	
-0.15	0.37	0.0	
-0.15	0.39	0.0	
-0.15	0.41	0.0	
-0.15	0.43	0.0	
-0.15	0.45	0.0	
-0.15	0.47	0.0	
-0.15	0.49	0.0	
-0.13	-0.49	0.0	
-0.13	-0.47	0.0	
-0.13	-0.45	0.0	
-0.13	-0.43	0.0	
-0.13	-0.41	0.0	
-0.13	-0.39	0.0	
-0.13	-0.37	0.0	
-0.13	-0.35	0.0	
-0.13	-0.33	0.0	
-0.13	-0.31	0.0	
-0.13	-0.29	0.0	
-0.13	-0.27	0.0	
-0.13	-0.25	0.0	
-0.13	-0.23	0.0	
-0.13	-0.21	0.0	
-0.13	-0.19	0.0	
-0.13	-0.17	0.0	
-0.13	-0.15	0.0	
-0.13	-0.13	0.0	
-0.13	-0.11	0.0	
-0.13	-0.09	0.0	
-0.13	-0.07	0.0	
-0.13	-0.05	0.0	
-0.13	-0.03	0.0	
-0.13	-0.01	0.0	
-0.13	0.01	0.0	
-0.13	0.03	0.0	
-0.13	0.05	0.0	
-0.13	0.07	0.0	
-0.13	0.09	0.0	
-0.13	0.11	0.0	
-0.13	0.13	0.0	
-0.13	0.15	0.0	
-0.13	0.17	0.0	
-0.13	0.19	0.0	
-0.13	0.21	0.0	
-0.13	0.23	0.0	
-0.13	0.25	0.0	
-0.13	0.27	0.0	
-0.13	0.29	0.0	
-0.13	0.31	0.0	
-0.13	0.33	0.0	
-0.13	0.35	0.0	
-0.13	0.37	0.0	
-0.13	0.39	0.0	
-0.13	0.41	0.0	
-0.13	0.43	0.0	
-0.13	0.45	0.0	
-0.13	0.47	0.0	
-0.13	0.49	0.0	
-0.11	-0.49	0.0	
-0.11	-0.47	0.0	
-0.11	-0.45	0.0	
-0.11	-0.43	0.0	
-0.11	-0.41	0.0	
-0.11	-0.39	0.0	
-0.11	-0.37	0.0	
-0.11	-0.35	0.0	
-0.11	-0.33	0.0	
-0.11	-0.31	0.0	
-0.11	-0.29	0.0	
-0.11	-0.27	0.0	
-0.11	-0.25	0.0	
-0.11	-0.23	0.0	
-0.11	-0.21	0.0	
-0.11	-0.19	0.0	
-0.11	-0.17	0.0	
-0.11	-0.15	0.0	
-0.11	-0.13	0.0	
-0.11	-0.11	0.0	
-0.11	-0.09	0.0	
-0.11	-0.07	0.0	
-0.11	-0.05	0.0	
-0.11	-0.03	0.0	
-0.11	-0.01	0.0	
-0.11	0.01	0.0	
-0.11	0.03	0.0	
-0.11	0.05	0.0	
-0.11	0.07	0.0	
-0.11	0.09	0.0	
-0.11	0.11	0.0	
-0.11	0.13	0.0	
-0.11	0.15	0.0	
-0.11	0.17	0.0	
-0.11	0.19	0.0	
-0.11	0.21	0.0	
-0.11	0.23	0.0	
-0.11	0.25	0.0	
-0.11	0.27	0.0	
-0.11	0.29	0.0	
-0.11	0.31	0.0	
-0.11	0.33	0.0	
-0.11	0.35	0.0	
-0.11	0.37	0.0	
-0.11	0.39	0.0	
-0.11	0.41	0.0	
-0.11	0.43	0.0	
-0.11	0.45	0.0	
-0.11	0.47	0.0	
-0.11	0.49	0.0	
-0.09	-0.49	0.0	
-0.09	-0.47	0.0	
-0.09	-0.45	0.0	
-0.09	-0.43	0.0	
-0.09	-0.41	0.0	
-0.09	-0.39	0.0	
-0.09	-0.37	0.0	
-0.09	-0.35	0.0	
-0.09	-0.33	0.0	
-0.09	-0.31	0.0	
-0.09	-0.29	0.0	
-0.09	-0.27	0.0	
-0.09	-0.25	0.0	
-0.09	-0.23	0.0	
-0.09	-0.21	0.0	
-0.09	-0.19	0.0	
-0.09	-0.17	0.0	
-0.09	-0.15	0.0	
-0.09	-0.13	0.0	
-0.09	-0.11	0.0	
-0.09	-0.09	0.0	
-0.09	-0.07	0.0	
-0.09	-0.05	0.0	
-0.09	-0.03	0.0	
-0.09	-0.01	0.0	
-0.09	0.01	0.0	
-0.09	0.03	0.0	
-0.09	0.05	0.0	
-0.09	0.07	0.0	
-0.09	0.09	0.0	
-0.09	0.11	0.0	
-0.09	0.13	0.0	
-0.09	0.15	0.0	
-0.09	0.17	0.0	
-0.09	0.19	0.0	
-0.09	0.21	0.0	
-0.09	0.23	0.0	
-0.09	0.25	0.0	
-0.09	0.27	0.0	
-0.09	0.29	0.0	
-0.09	0.31	0.0	
-0.09	0.33	0.0	
-0.09	0.35	0.0	
-0.09	0.37	0.0	
-0.09	0.39	0.0	
-0.09	0.41	0.0	
-0.09	0.43	0.0	
-0.09	0.45	0.0	
-0.09	0.47	0.0	
-0.09	0.49	0.0	
-0.07	-0.49	0.0	
-0.07	-0.47	0.0	
-0.07	-0.45	0.0	
-0.07	-0.43	0.0	
-0.07	-0.41	0.0	
-0.07	-0.39	0.0	
-0.07	-0.37	0.0	
-0.07	-0.35	0.0	
-0.07	-0.33	0.0	
-0.07	-0.31	0.0	
-0.07	-0.29	0.0	
-0.07	-0.27	0.0	
-0.07	-0.25	0.0	
-0.07	-0.23	0.0	
-0.07	-0.21	0.0	
-0.07	-0.19	0.0	
-0.07	-0.17	0.0	
-0.07	-0.15	0.0	
-0.07	-0.13	0.0	
-0.07	-0.11	0.0	
-0.07	-0.09	0.0	
-0.07	-0.07	0.0	
-0.07	-0.05	0.0	
-0.07	-0.03	0.0	
-0.07	-0.01	0.0	
-0.07	0.01	0.0	
-0.07	0.03	0.0	
-0.07	0.05	0.0	
-0.07	0.07	0.0	
-0.07	0.09	0.0	
-0.07	0.11	0.0	
-0.07	0.13	0.0	
-0.07	0.15	0.0	
-0.07	0.17	0.0	
-0.07	0.19	0.0	
-0.07	0.21	0.0	
-0.07	0.23	0.0	
-0.07	0.25	0.0	
-0.07	0.27	0.0	
-0.07	0.29	0.0	
-0.07	0.31	0.0	
-0.07	0.33	0.0	
-0.07	0.35	0.0	
-0.07	0.37	0.0	
-0.07	0.39	0.0	
-0.07	0.41	0.0	
-0.07	0.43	0.0	
-0.07	0.45	0.0	
-0.07	0.47	0.0	
-0.07	0.49	0.0	
-0.05	-0.49	0.0	
-0.05	-0.47	0.0	
-0.05	-0.45	0.0	
-0.05	-0.43	0.0	
-0.05	-0.41	0.0	
-0.05	-0.39	0.0	
-0.05	-0.37	0.0	
-0.05	-0.35	0.0	
-0.05	-0.33	0.0	
-0.05	-0.31	0.0	
-0.05	-0.29	0.0	
-0.05	-0.27	0.0	
-0.05	-0.25	0.0	
-0.05	-0.23	0.0	
-0.05	-0.21	0.0	
-0.05	-0.19	0.0	
-0.05	-0.17	0.0	
-0.05	-0.15	0.0	
-0.05	-0.13	0.0	
-0.05	-0.11	0.0	
-0.05	-0.09	0.0	
-0.05	-0.07	0.0	
-0.05	-0.05	0.0	
-0.05	-0.03	0.0	
-0.05	-0.01	0.0	
-0.05	0.01	0.0	
-0.05	0.03	0.0	
-0.05	0.05	0.0	
-0.05	0.07	0.0	
-0.05	0.09	0.0	
-0.05	0.11	0.0	
-0.05	0.13	0.0	
-0.05	0.15	0.0	
-0.05	0.17	0.0	
-0.05	0.19	0.0	
-0.05	0.21	0.0	
-0.05	0.23	0.0	
-0.05	0.25	0.0	
-0.05	0.27	0.0	
-0.05	0.29	0.0	
-0.05	0.31	0.0	
-0.05	0.33	0.0	
-0.05	0.35	0.0	
-0.05	0.37	0.0	
-0.05	0.39	0.0	
-0.05	0.41	0.0	
-0.05	0.43	0.0	
-0.05	0.45	0.0	
-0.05	0.47	0.0	
-0.05	0.49	0.0	
-0.03	-0.49	0.0	
-0.03	-0.47	0.0	
-0.03	-0.45	0.0	
-0.03	-0.43	0.0	
-0.03	-0.41	0.0	
-0.03	-0.39	0.0	
-0.03	-0.37	0.0	
-0.03	-0.35	0.0	
-0.03	-0.33	0.0	
-0.03	-0.31	0.0	
-0.03	-0.29	0.0	
-0.03	-0.27	0.0	
-0.03	-0.25	0.0	
-0.03	-0.23	0.0	
-0.03	-0.21	0.0	
-0.03	-0.19	0.0	
-0.03	-0.17	0.0	
-0.03	-0.15	0.0	
-0.03	-0.13	0.0	
-0.03	-0.11	0.0	
-0.03	-0.09	0.0	
-0.03	-0.07	0.0	
-0.03	-0.05	0.0	
-0.03	-0.03	0.0	
-0.03	-0.01	0.0	
-0.03	0.01	0.0	
-0.03	0.03	0.0	
-0.03	0.05	0.0	
-0.03	0.07	0.0	
-0.03	0.09	0.0	
-0.03	0.11	0.0	
-0.03	0.13	0.0	
-0.03	0.15	0.0	
-0.03	0.17	0.0	
-0.03	0.19	0.0	
-0.03	0.21	0.0	
-0.03	0.23	0.0	
-0.03	0.25	0.0	
-0.03	0.27	0.0	
-0.03	0.29	0.0	
-0.03	0.31	0.0	
-0.03	0.33	0.0	
-0.03	0.35	0.0	
-0.03	0.37	0.0	
-0.03	0.39	0.0	
-0.03	0.41	0.0	
-0.03	0.43	0.0	
-0.03	0.45	0.0	
-0.03	0.47	0.0	
-0.03	0.49	0.0	
-0.01	-0.49	0.0	
-0.01	-0.47	0.0	
-0.01	-0.45	0.0	
-0.01	-0.43	0.0	
-0.01	-0.41	0.0	
-0.01	-0.39	0.0	
-0.01	-0.37	0.0	
-0.01	-0.35	0.0	
-0.01	-0.33	0.0	
-0.01	-0.31	0.0	
-0.01	-0.29	0.0	
-0.01	-0.27	0.0	
-0.01	-0.25	0.0	
-0.01	-0.23	0.0	
-0.01	-0.21	0.0	
-0.01	-0.19	0.0	
-0.01	-0.17	0.0	
-0.01	-0.15	0.0	
-0.01	-0.13	0.0	
-0.01	-0.11	0.0	
-0.01	-0.09	0.0	
-0.01	-0.07	0.0	
-0.01	-0.05	0.0	
-0.01	-0.03	0.0	
-0.01	-0.01	0.0	
-0.01	0.01	0.0	
-0.01	0.03	0.0	
-0.01	0.05	0.0	
-0.01	0.07	0.0	
-0.01	0.09	0.0	
-0.01	0.11	0.0	
-0.01	0.13	0.0	
-0.01	0.15	0.0	
-0.01	0.17	0.0	
-0.01	0.19	0.0	
-0.01	0.21	0.0	
-0.01	0.23	0.0	
-0.01	0.25	0.0	
-0.01	0.27	0.0	
-0.01	0.29	0.0	
-0.01	0.31	0.0	
-0.01	0.33	0.0	
-0.01	0.35	0.0	
-0.01	0.37	0.0	
-0.01	0.39	0.0	
-0.01	0.41	0.0	
-0.01	0.43	0.0	
-0.01	0.45	0.0	
-0.01	0.47	0.0	
-0.01	0.49	0.0	
0.01	-0.49	0.0	
0.01	-0.47	0.0	
0.01	-0.45	0.0	
0.01	-0.43	0.0	
0.01	-0.41	0.0	
0.01	-0.39	0.0	
0.01	-0.37	0.0	
0.01	-0.35	0.0	
0.01	-0.33	0.0	
0.01	-0.31	0.0	
0.01	-0.29	0.0	
0.01	-0.27	0.0	
0.01	-0.25	0.0	
0.01	-0.23	0.0	
0.01	-0.21	0.0	
0.01	-0.19	0.0	
0.01	-0.17	0.0	
0.01	-0.15	0.0	
0.01	-0.13	0.0	
0.01	-0.11	0.0	
0.01	-0.09	0.0	
0.01	-0.07	0.0	
0.01	-0.05	0.0	
0.01	-0.03	0.0	
0.01	-0.01	0.0	
0.01	0.01	0.0	
0.01	0.03	0.0	
0.01	0.05	0.0	
0.01	0.07	0.0	
0.01	0.09	0.0	
0.01	0.11	0.0	
0.01	0.13	0.0	
0.01	0.15	0.0	
0.01	0.17	0.0	
0.01	0.19	0.0	
0.01	0.21	0.0	
0.01	0.23	0.0	
0.01	0.25	0.0	
0.01	0.27	0.0	
0.01	0.29	0.0	
0.01	0.31	0.0	
0.01	0.33	0.0	
0.01	0.35	0.0	
0.01	0.37	0.0	
0.01	0.39	0.0	
0.01	0.41	0.0	
0.01	0.43	0.0	
0.01	0.45	0.0	
0.01	0.47	0.0	
0.01	0.49	0.0	
0.03	-0.49	0.0	
0.03	-0.47	0.0	
0.03	-0.45	0.0	
0.03	-0.43	0.0	
0.03	-0.41	0.0	
0.03	-0.39	0.0	
0.03	-0.37	0.0	
0.03	-0.35	0.0	
0.03	-0.33	0.0	
0.03	-0.31	0.0	
0.03	-0.29	0.0	
0.03	-0.27	0.0	
0.03	-0.25	0.0	
0.03	-0.23	0.0	
0.03	-0.21	0.0	
0.03	-0.19	0.0	
0.03	-0.17	0.0	
0.03	-0.15	0.0	
0.03	-0.13	0.0	
0.03	-0.11	0.0	
0.03	-0.09	0.0	
0.03	-0.07	0.0	
0.03	-0.05	0.0	
0.03	-0.03	0.0	
0.03	-0.01	0.0	
0.03	0.01	0.0	
0.03	0.03	0.0	
0.03	0.05	0.0	
0.03	0.07	0.0	
0.03	0.09	0.0	
0.03	0.11	0.0	
0.03	0.13	0.0	
0.03	0.15	0.0	
0.03	0.17	0.0	
0.03	0.19	0.0	
0.03	0.21	0.0	
0.03	0.23	0.0	
0.03	0.25	0.0	
0.03	0.27	0.0	
0.03	0.29	0.0	
0.03	0.31	0.0	
0.03	0.33	0.0	
0.03	0.35	0.0	
0.03	0.37	0.0	
0.03	0.39	0.0	
0.03	0.41	0.0	
0.03	0.43	0.0	
0.03	0.45	0.0	
0.03	0.47	0.0	
0.03	0.49	0.0	
0.05	-0.49	0.0	
0.05	-0.47	0.0	
0.05	-0.45	0.0	
0.05	-0.43	0.0	
0.05	-0.41	0.0	
0.05	-0.39	0.0	
0.05	-0.37	0.0	
0.05	-0.35	0.0	
0.05	-0.33	0.0	
0.05	-0.31	0.0	
0.05	-0.29	0.0	
0.05	-0.27	0.0	
0.05	-0.25	0.0	
0.05	-0.23	0.0	
0.05	-0.21	0.0	
0.05	-0.19	0.0	
0.05	-0.17	0.0	
0.05	-0.15	0.0	
0.05	-0.13	0.0	
0.05	-0.11	0.0	
0.05	-0.09	0.0	
0.05	-0.07	0.0	
0.05	-0.05	0.0	
0.05	-0.03	0.0	
0.05	-0.01	0.0	
0.05	0.01	0.0	
0.05	0.03	0.0	
0.05	0.05	0.0	
0.05	0.07	0.0	
0.05	0.09	0.0	
0.05	0.11	0.0	
0.05	0.13	0.0	
0.05	0.15	0.0	
0.05	0.17	0.0	
0.05	0.19	0.0	
0.05	0.21	0.0	
0.05	0.23	0.0	
0.05	0.25	0.0	
0.05	0.27	0.0	
0.05	0.29	0.0	
0.05	0.31	0.0	
0.05	0.33	0.0	
0.05	0.35	0.0	
0.05	0.37	0.0	
0.05	0.39	0.0	
0.05	0.41	0.0	
0.05	0.43	0.0	
0.05	0.45	0.0	
0.05	0.47	0.0	
0.05	0.49	0.0	
0.07	-0.49	0.0	
0.07	-0.47	0.0	
0.07	-0.45	0.0	
0.07	-0.43	0.0	
0.07	-0.41	0.0	
0.07	-0.39	0.0	
0.07	-0.37	0.0	
0.07	-0.35	0.0	
0.07	-0.33	0.0	
0.07	-0.31	0.0	
0.07	-0.29	0.0	
0.07	-0.27	0.0	
0.07	-0.25	0.0	
0.07	-0.23	0.0	
0.07	-0.21	0.0	
0.07	-0.19	0.0	
0.07	-0.17	0.0	
0.07	-0.15	0.0	
0.07	-0.13	0.0	
0.07	-0.11	0.0	
0.07	-0.09	0.0	
0.07	-0.07	0.0	
0.07	-0.05	0.0	
0.07	-0.03	0.0	
0.07	-0.01	0.0	
0.07	0.01	0.0	
0.07	0.03	0.0	
0.07	0.05	0.0	
0.07	0.07	0.0	
0.07	0.09	0.0	
0.07	0.11	0.0	
0.07	0.13	0.0	
0.07	0.15	0.0	
0.07	0.17	0.0	
0.07	0.19	0.0	
0.07	0.21	0.0	
0.07	0.23	0.0	
0.07	0.25	0.0	
0.07	0.27	0.0	
0.07	0.29	0.0	
0.07	0.31	0.0	
0.07	0.33	0.0	
0.07	0.35	0.0	
0.07	0.37	0.0	
0.07	0.39	0.0	
0.07	0.41	0.0	
0.07	0.43	0.0	
0.07	0.45	0.0	
0.07	0.47	0.0	
0.07	0.49	0.0	
0.09	-0.49	0.0	
0.09	-0.47	0.0	
0.09	-0.45	0.0	
0.09	-0.43	0.0	
0.09	-0.41	0.0	
0.09	-0.39	0.0	
0.09	-0.37	0.0	
0.09	-0.35	0.0	
0.09	-0.33	0.0	
0.09	-0.31	0.0	
0.09	-0.29	0.0	
0.09	-0.27	0.0	
0.09	-0.25	0.0	
0.09	-0.23	0.0	
0.09	-0.21	0.0	
0.09	-0.19	0.0	
0.09	-0.17	0.0	
0.09	-0.15	0.0	
0.09	-0.13	0.0	
0.09	-0.11	0.0	
0.09	-0.09	0.0	
0.09	-0.07	0.0	
0.09	-0.05	0.0	
0.09	-0.03	0.0	
0.09	-0.01	0.0	
0.09	0.01	0.0	
0.09	0.03	0.0	
0.09	0.05	0.0	
0.09	0.07	0.0	
0.09	0.09	0.0	
0.09	0.11	0.0	
0.09	0.13	0.0	
0.09	0.15	0.0	
0.09	0.17	0.0	
0.09	0.19	0.0	
0.09	0.21	0.0	
0.09	0.23	0.0	
0.09	0.25	0.0	
0.09	0.27	0.0	
0.09	0.29	0.0	
0.09	0.31	0.0	
0.09	0.33	0.0	
0.09	0.35	0.0	
0.09	0.37	0.0	
0.09	0.39	0.0	
0.09	0.41	0.0	
0.09	0.43	0.0	
0.09	0.45	0.0	
0.09	0.47	0.0	
0.09	0.49	0.0	
0.11	-0.49	0.0	
0.11	-0.47	0.0	
0.11	-0.45	0.0	
0.11	-0.43	0.0	
0.11	-0.41	0.0	
0.11	-0.39	0.0	
0.11	-0.37	0.0	
0.11	-0.35	0.0	
0.11	-0.33	0.0	
0.11	-0.31	0.0	
0.11	-0.29	0.0	
0.11	-0.27	0.0	
0.11	-0.25	0.0	
0.11	-0.23	0.0	
0.11	-0.21	0.0	
0.11	-0.19	0.0	
0.11	-0.17	0.0	
0.11	-0.15	0.0	
0.11	-0.13	0.0	
0.11	-0.11	0.0	
0.11	-0.09	0.0	
0.11	-0.07	0.0	
0.11	-0.05	0.0	
0.11	-0.03	0.0	
0.11	-0.01	0.0	
0.11	0.01	0.0	
0.11	0.03	0.0	
0.11	0.05	0.0	
0.11	0.07	0.0	
0.11	0.09	0.0	
0.11	0.11	0.0	
0.11	0.13	0.0	
0.11	0.15	0.0	
0.11	0.17	0.0	
0.11	0.19	0.0	
0.11	0.21	0.0	
0.11	0.23	0.0	
0.11	0.25	0.0	
0.11	0.27	0.0	
0.11	0.29	0.0	
0.11	0.31	0.0	
0.11	0.33	0.0	
0.11	0.35	0.0	
0.11	0.37	0.0	
0.11	0.39	0.0	
0.11	0.41	0.0	
0.11	0.43	0.0	
0.11	0.45	0.0	
0.11	0.47	0.0	
0.11	0.49	0.0	
0.13	-0.49	0.0	
0.13	-0.47	0.0	
0.13	-0.45	0.0	
0.13	-0.43	0.0	
0.13	-0.41	0.0	
0.13	-0.39	0.0	
0.13	-0.37	0.0	
0.13	-0.35	0.0	
0.13	-0.33	0.0	
0.13	-0.31	0.0	
0.13	-0.29	0.0	
0.13	-0.27	0.0	
0.13	-0.25	0.0	
0.13	-0.23	0.0	
0.13	-0.21	0.0	
0.13	-0.19	0.0	
0.13	-0.17	0.0	
0.13	-0.15	0.0	
0.13	-0.13	0.0	
0.13	-0.11	0.0	
0.13	-0.09	0.0	
0.13	-0.07	0.0	
0.13	-0.05	0.0	
0.13	-0.03	0.0	
0.13	-0.01	0.0	
0.13	0.01	0.0	
0.13	0.03	0.0	
0.13	0.05	0.0	
0.13	0.07	0.0	
0.13	0.09	0.0	
0.13	0.11	0.0	
0.13	0.13	0.0	
0.13	0.15	0.0	
0.13	0.17	0.0	
0.13	0.19	0.0	
0.13	0.21	0.0	
0.13	0.23	0.0	
0.13	0.25	0.0	
0.13	0.27	0.0	
0.13	0.29	0.0	
0.13	0.31	0.0	
0.13	0.33	0.0	
0.13	0.35	0.0	
0.13	0.37	0.0	
0.13	0.39	0.0	
0.13	0.41	0.0	
0.13	0.43	0.0	
0.13	0.45	0.0	
0.13	0.47	0.0	
0.13	0.49	0.0	
0.15	-0.49	0.0	
0.15	-0.47	0.0	
0.15	-0.45	0.0	
0.15	-0.43	0.0	
0.15	-0.41	0.0	
0.15	-0.39	0.0	
0.15	-0.37	0.0	
0.15	-0.35	0.0	
0.15	-0.33	0.0	
0.15	-0.31	0.0	
0.15	-0.29	0.0	
0.15	-0.27	0.0	
0.15	-0.25	0.0	
0.15	-0.23	0.0	
0.15	-0.21	0.0	
0.15	-0.19	0.0	
0.15	-0.17	0.0	
0.15	-0.15	0.0	
0.15	-0.13	0.0	
0.15	-0.11	0.0	
0.15	-0.09	0.0	
0.15	-0.07	0.0	
0.15	-0.05	0.0	
0.15	-0.03	0.0	
0.15	-0.01	0.0	
0.15	0.01	0.0	
0.15	0.03	0.0	
0.15	0.05	0.0	
0.15	0.07	0.0	
0.15	0.09	0.0	
0.15	0.11	0.0	
0.15	0.13	0.0	
0.15	0.15	0.0	
0.15	0.17	0.0	
0.15	0.19	0.0	
0.15	0.21	0.0	
0.15	0.23	0.0	
0.15	0.25	0.0	
0.15	0.27	0.0	
0.15	0.29	0.0	
0.15	0.31	0.0	
0.15	0.33	0.0	
0.15	0.35	0.0	
0.15	0.37	0.0	
0.15	0.39	0.0	
0.15	0.41	0.0	
0.15	0.43	0.0	
0.15	0.45	0.0	
0.15	0.47	0.0	
0.15	0.49	0.0	
0.17	-0.49	0.0	
0.17	-0.47	0.0	
0.17	-0.45	0.0	
0.17	-0.43	0.0	
0.17	-0.41	0.0	
0.17	-0.39	0.0	
0.17	-0.37	0.0	
0.17	-0.35	0.0	
0.17	-0.33	0.0	
0.17	-0.31	0.0	
0.17	-0.29	0.0	
0.17	-0.27	0.0	
0.17	-0.25	0.0	
0.17	-0.23	0.0	
0.17	-0.21	0.0	
0.17	-0.19	0.0	
0.17	-0.17	0.0	
0.17	-0.15	0.0	
0.17	-0.13	0.0	
0.17	-0.11	0.0	
0.17	-0.09	0.0	
0.17	-0.07	0.0	
0.17	-0.05	0.0	
0.17	-0.03	0.0	
0.17	-0.01	0.0	
0.17	0.01	0.0	
0.17	0.03	0.0	
0.17	0.05	0.0	
0.17	0.07	0.0	
0.17	0.09	0.0	
0.17	0.11	0.0	
0.17	0.13	0.0	
0.17	0.15	0.0	
0.17	0.17	0.0	
0.17	0.19	0.0	
0.17	0.21	0.0	
0.17	0.23	0.0	
0.17	0.25	0.0	
0.17	0.27	0.0	
0.17	0.29	0.0	
0.17	0.31	0.0	
0.17	0.33	0.0	
0.17	0.35	0.0	
0.17	0.37	0.0	
0.17	0.39	0.0	
0.17	0.41	0.0	
0.17	0.43	0.0	
0.17	0.45	0.0	
0.17	0.47	0.0	
0.17	0.49	0.0	
0.19	-0.49	0.0	
0.19	-0.47	0.0	
0.19	-0.45	0.0	
0.19	-0.43	0.0	
0.19	-0.41	0.0	
0.19	-0.39	0.0	
0.19	-0.37	0.0	
0.19	-0.35	0.0	
0.19	-0.33	0.0	
0.19	-0.31	0.0	
0.19	-0.29	0.0	
0.19	-0.27	0.0	
0.19	-0.25	0.0	
0.19	-0.23	0.0	
0.19	-0.21	0.0	
0.19	-0.19	0.0	
0.19	-0.17	0.0	
0.19	-0.15	0.0	
0.19	-0.13	0.0	
0.19	-0.11	0.0	
0.19	-0.09	0.0	
0.19	-0.07	0.0	
0.19	-0.05	0.0	
0.19	-0.03	0.0	
0.19	-0.01	0.0	
0.19	0.01	0.0	
0.19	0.03	0.0	
0.19	0.05	0.0	
0.19	0.07	0.0	
0.19	0.09	0.0	
0.19	0.11	0.0	
0.19	0.13	0.0	
0.19	0.15	0.0	
0.19	0.17	0.0	
0.19	0.19	0.0	
0.19	0.21	0.0	
0.19	0.23	0.0	
0.19	0.25	0.0	
0.19	0.27	0.0	
0.19	0.29	0.0	
0.19	0.31	0.0	
0.19	0.33	0.0	
0.19	0.35	0.0	
0.19	0.37	0.0	
0.19	0.39	0.0	
0.19	0.41	0.0	
0.19	0.43	0.0	
0.19	0.45	0.0	
0.19	0.47	0.0	
0.19	0.49	0.0	
0.21	-0.49	0.0	
0.21	-0.47	0.0	
0.21	-0.45	0.0	
0.21	-0.43	0.0	
0.21	-0.41	0.0	
0.21	-0.39	0.0	
0.21	-0.37	0.0	
0.21	-0.35	0.0	
0.21	-0.33	0.0	
0.21	-0.31	0.0	
0.21	-0.29	0.0	
0.21	-0.27	0.0	
0.21	-0.25	0.0	
0.21	-0.23	0.0	
0.21	-0.21	0.0	
0.21	-0.19	0.0	
0.21	-0.17	0.0	
0.21	-0.15	0.0	
0.21	-0.13	0.0	
0.21	-0.11	0.0	
0.21	-0.09	0.0	
0.21	-0.07	0.0	
0.21	-0.05	0.0	
0.21	-0.03	0.0	
0.21	-0.01	0.0	
0.21	0.01	0.0	
0.21	0.03	0.0	
0.21	0.05	0.0	
0.21	0.07	0.0	
0.21	0.09	0.0	
0.21	0.11	0.0	
0.21	0.13	0.0	
0.21	0.15	0.0	
0.21	0.17	0.0	
0.21	0.19	0.0	
0.21	0.21	0.0	
0.21	0.23	0.0	
0.21	0.25	0.0	
0.21	0.27	0.0	
0.21	0.29	0.0	
0.21	0.31	0.0	
0.21	0.33	0.0	
0.21	0.35	0.0	
0.21	0.37	0.0	
0.21	0.39	0.0	
0.21	0.41	0.0	
0.21	0.43	0.0	
0.21	0.45	0.0	
0.21	0.47	0.0	
0.21	0.49	0.0	
0.23	-0.49	0.0	
0.23	-0.47	0.0	
0.23	-0.45	0.0	
0.23	-0.43	0.0	
0.23	-0.41	0.0	
0.23	-0.39	0.0	
0.23	-0.37	0.0	
0.23	-0.35	0.0	
0.23	-0.33	0.0	
0.23	-0.31	0.0	
0.23	-0.29	0.0	
0.23	-0.27	0.0	
0.23	-0.25	0.0	
0.23	-0.23	0.0	
0.23	-0.21	0.0	
0.23	-0.19	0.0	
0.23	-0.17	0.0	
0.23	-0.15	0.0	
0.23	-0.13	0.0	
0.23	-0.11	0.0	
0.23	-0.09	0.0	
0.23	-0.07	0.0	
0.23	-0.05	0.0	
0.23	-0.03	0.0	
0.23	-0.01	0.0	
0.23	0.01	0.0	
0.23	0.03	0.0	
0.23	0.05	0.0	
0.23	0.07	0.0	
0.23	0.09	0.0	
0.23	0.11	0.0	
0.23	0.13	0.0	
0.23	0.15	0.0	
0.23	0.17	0.0	
0.23	0.19	0.0	
0.23	0.21	0.0	
0.23	0.23	0.0	
0.23	0.25	0.0	
0.23	0.27	0.0	
0.23	0.29	0.0	
0.23	0.31	0.0	
0.23	0.33	0.0	
0.23	0.35	0.0	
0.23	0.37	0.0	
0.23	0.39	0.0	
0.23	0.41	0.0	
0.23	0.43	0.0	
0.23	0.45	0.0	
0.23	0.47	0.0	
0.23	0.49	0.0	
0.25	-0.49	0.0	
0.25	-0.47	0.0	
0.25	-0.45	0.0	
0.25	-0.43	0.0	
0.25	-0.41	0.0	
0.25	-0.39	0.0	
0.25	-0.37	0.0	
0.25	-0.35	0.0	
0.25	-0.33	0.0	
0.25	-0.31	0.0	
0.25	-0.29	0.0	
0.25	-0.27	0.0	
0.25	-0.25	0.0	
0.25	-0.23	0.0	
0.25	-0.21	0.0	
0.25	-0.19	0.0	
0.25	-0.17	0.0	
0.25	-0.15	0.0	
0.25	-0.13	0.0	
0.25	-0.11	0.0	
0.25	-0.09	0.0	
0.25	-0.07	0.0	
0.25	-0.05	0.0	
0.25	-0.03	0.0	
0.25	-0.01	0.0	
0.25	0.01	0.0	
0.25	0.03	0.0	
0.25	0.05	0.0	
0.25	0.07	0.0	
0.25	0.09	0.0	
0.25	0.11	0.0	
0.25	0.13	0.0	
0.25	0.15	0.0	
0.25	0.17	0.0	
0.25	0.19	0.0	
0.25	0.21	0.0	
0.25	0.23	0.0	
0.25	0.25	0.0	
0.25	0.27	0.0	
0.25	0.29	0.0	
0.25	0.31	0.0	
0.25	0.33	0.0	
0.25	0.35	0.0	
0.25	0.37	0.0	
0.25	0.39	0.0	
0.25	0.41	0.0	
0.25	0.43	0.0	
0.25	0.45	0.0	
0.25	0.47	0.0	
0.25	0.49	0.0	
0.27	-0.49	0.0	
0.27	-0.47	0.0	
0.27	-0.45	0.0	
0.27	-0.43	0.0	
0.27	-0.41	0.0	
0.27	-0.39	0.0	
0.27	-0.37	0.0	
0.27	-0.35	0.0	
0.27	-0.33	0.0	
0.27	-0.31	0.0	
0.27	-0.29	0.0	
0.27	-0.27	0.0	
0.27	-0.25	0.0	
0.27	-0.23	0.0	
0.27	-0.21	0.0	
0.27	-0.19	0.0	
0.27	-0.17	0.0	
0.27	-0.15	0.0	
0.27	-0.13	0.0	
0.27	-0.11	0.0	
0.27	-0.09	0.0	
0.27	-0.07	0.0	
0.27	-0.05	0.0	
0.27	-0.03	0.0	
0.27	-0.01	0.0	
0.27	0.01	0.0	
0.27	0.03	0.0	
0.27	0.05	0.0	
0.27	0.07	0.0	
0.27	0.09	0.0	
0.27	0.11	0.0	
0.27	0.13	0.0	
0.27	0.15	0.0	
0.27	0.17	0.0	
0.27	0.19	0.0	
0.27	0.21	0.0	
0.27	0.23	0.0	
0.27	0.25	0.0	
0.27	0.27	0.0	
0.27	0.29	0.0	
0.27	0.31	0.0	
0.27	0.33	0.0	
0.27	0.35	0.0	
0.27	0.37	0.0	
0.27	0.39	0.0	
0.27	0.41	0.0	
0.27	0.43	0.0	
0.27	0.45	0.0	
0.27	0.47	0.0	
0.27	0.49	0.0	
0.29	-0.49	0.0	
0.29	-0.47	0.0	
0.29	-0.45	0.0	
0.29	-0.43	0.0	
0.29	-0.41	0.0	
0.29	-0.39	0.0	
0.29	-0.37	0.0	
0.29	-0.35	0.0	
0.29	-0.33	0.0	
0.29	-0.31	0.0	
0.29	-0.29	0.0	
0.29	-0.27	0.0	
0.29	-0.25	0.0	
0.29	-0.23	0.0	
0.29	-0.21	0.0	
0.29	-0.19	0.0	
0.29	-0.17	0.0	
0.29	-0.15	0.0	
0.29	-0.13	0.0	
0.29	-0.11	0.0	
0.29	-0.09	0.0	
0.29	-0.07	0.0	
0.29	-0.05	0.0	
0.29	-0.03	0.0	
0.29	-0.01	0.0	
0.29	0.01	0.0	
0.29	0.03	0.0	
0.29	0.05	0.0	
0.29	0.07	0.0	
0.29	0.09	0.0	
0.29	0.11	0.0	
0.29	0.13	0.0	
0.29	0.15	0.0	
0.29	0.17	0.0	
0.29	0.19	0.0	
0.29	0.21	0.0	
0.29	0.23	0.0	
0.29	0.25	0.0	
0.29	0.27	0.0	
0.29	0.29	0.0	
0.29	0.31	0.0	
0.29	0.33	0.0	
0.29	0.35	0.0	
0.29	0.37	0.0	
0.29	0.39	0.0	
0.29	0.41	0.0	
0.29	0.43	0.0	
0.29	0.45	0.0	
0.29	0.47	0.0	
0.29	0.49	0.0	
0.31	-0.49	0.0	
0.31	-0.47	0.0	
0.31	-0.45	0.0	
0.31	-0.43	0.0	
0.31	-0.41	0.0	
0.31	-0.39	0.0	
0.31	-0.37	0.0	
0.31	-0.35	0.0	
0.31	-0.33	0.0	
0.31	-0.31	0.0	
0.31	-0.29	0.0	
0.31	-0.27	0.0	
0.31	-0.25	0.0	
0.31	-0.23	0.0	
0.31	-0.21	0.0	
0.31	-0.19	0.0	
0.31	-0.17	0.0	
0.31	-0.15	0.0	
0.31	-0.13	0.0	
0.31	-0.11	0.0	
0.31	-0.09	0.0	
0.31	-0.07	0.0	
0.31	-0.05	0.0	
0.31	-0.03	0.0	
0.31	-0.01	0.0	
0.31	0.01	0.0	
0.31	0.03	0.0	
0.31	0.05	0.0	
0.31	0.07	0.0	
0.31	0.09	0.0	
0.31	0.11	0.0	
0.31	0.13	0.0	
0.31	0.15	0.0	
0.31	0.17	0.0	
0.31	0.19	0.0	
0.31	0.21	0.0	
0.31	0.23	0.0	
0.31	0.25	0.0	
0.31	0.27	0.0	
0.31	0.29	0.0	
0.31	0.31	0.0	
0.31	0.33	0.0	
0.31	0.35	0.0	
0.31	0.37	0.0	
0.31	0.39	0.0	
0.31	0.41	0.0	
0.31	0.43	0.0	
0.31	0.45	0.0	
0.31	0.47	0.0	
0.31	0.49	0.0	
0.33	-0.49	0.0	
0.33	-0.47	0.0	
0.33	-0.45	0.0	
0.33	-0.43	0.0	
0.33	-0.41	0.0	
0.33	-0.39	0.0	
0.33	-0.37	0.0	
0.33	-0.35	0.0	
0.33	-0.33	0.0	
0.33	-0.31	0.0	
0.33	-0.29	0.0	
0.33	-0.27	0.0	
0.33	-0.25	0.0	
0.33	-0.23	0.0	
0.33	-0.21	0.0	
0.33	-0.19	0.0	
0.33	-0.17	0.0	
0.33	-0.15	0.0	
0.33	-0.13	0.0	
0.33	-0.11	0.0	
0.33	-0.09	0.0	
0.33	-0.07	0.0	
0.33	-0.05	0.0	
0.33	-0.03	0.0	
0.33	-0.01	0.0	
0.33	0.01	0.0	
0.33	0.03	0.0	
0.33	0.05	0.0	
0.33	0.07	0.0	
0.33	0.09	0.0	
0.33	0.11	0.0	
0.33	0.13	0.0	
0.33	0.15	0.0	
0.33	0.17	0.0	
0.33	0.19	0.0	
0.33	0.21	0.0	
0.33	0.23	0.0	
0.33	0.25	0.0	
0.33	0.27	0.0	
0.33	0.29	0.0	
0.33	0.31	0.0	
0.33	0.33	0.0	
0.33	0.35	0.0	
0.33	0.37	0.0	
0.33	0.39	0.0	
0.33	0.41	0.0	
0.33	0.43	0.0	
0.33	0.45	0.0	
0.33	0.47	0.0	
0.33	0.49	0.0	
0.35	-0.49	0.0	
0.35	-0.47	0.0	
0.35	-0.45	0.0	
0.35	-0.43	0.0	
0.35	-0.41	0.0	
0.35	-0.39	0.0	
0.35	-0.37	0.0	
0.35	-0.35	0.0	
0.35	-0.33	0.0	
0.35	-0.31	0.0	
0.35	-0.29	0.0	
0.35	-0.27	0.0	
0.35	-0.25	0.0	
0.35	-0.23	0.0	
0.35	-0.21	0.0	
0.35	-0.19	0.0	
0.35	-0.17	0.0	
0.35	-0.15	0.0	
0.35	-0.13	0.0	
0.35	-0.11	0.0	
0.35	-0.09	0.0	
0.35	-0.07	0.0	
0.35	-0.05	0.0	
0.35	-0.03	0.0	
0.35	-0.01	0.0	
0.35	0.01	0.0	
0.35	0.03	0.0	
0.35	0.05	0.0	
0.35	0.07	0.0	
0.35	0.09	0.0	
0.35	0.11	0.0	
0.35	0.13	0.0	
0.35	0.15	0.0	
0.35	0.17	0.0	
0.35	0.19	0.0	
0.35	0.21	0.0	
0.35	0.23	0.0	
0.35	0.25	0.0	
0.35	0.27	0.0	
0.35	0.29	0.0	
0.35	0.31	0.0	
0.35	0.33	0.0	
0.35	0.35	0.0	
0.35	0.37	0.0	
0.35	0.39	0.0	
0.35	0.41	0.0	
0.35	0.43	0.0	
0.35	0.45	0.0	
0.35	0.47	0.0	
0.35	0.49	0.0	
0.37	-0.49	0.0	
0.37	-0.47	0.0	
0.37	-0.45	0.0	
0.37	-0.43	0.0	
0.37	-0.41	0.0	
0.37	-0.39	0.0	
0.37	-0.37	0.0	
0.37	-0.35	0.0	
0.37	-0.33	0.0	
0.37	-0.31	0.0	
0.37	-0.29	0.0	
0.37	-0.27	0.0	
0.37	-0.25	0.0	
0.37	-0.23	0.0	
0.37	-0.21	0.0	
0.37	-0.19	0.0	
0.37	-0.17	0.0	
0.37	-0.15	0.0	
0.37	-0.13	0.0	
0.37	-0.11	0.0	
0.37	-0.09	0.0	
0.37	-0.07	0.0	
0.37	-0.05	0.0	
0.37	-0.03	0.0	
0.37	-0.01	0.0	
0.37	0.01	0.0	
0.37	0.03	0.0	
0.37	0.05	0.0	
0.37	0.07	0.0	
0.37	0.09	0.0	
0.37	0.11	0.0	
0.37	0.13	0.0	
0.37	0.15	0.0	
0.37	0.17	0.0	
0.37	0.19	0.0	
0.37	0.21	0.0	
0.37	0.23	0.0	
0.37	0.25	0.0	
0.37	0.27	0.0	
0.37	0.29	0.0	
0.37	0.31	0.0	
0.37	0.33	0.0	
0.37	0.35	0.0	
0.37	0.37	0.0	
0.37	0.39	0.0	
0.37	0.41	0.0	
0.37	0.43	0.0	
0.37	0.45	0.0	
0.37	0.47	0.0	
0.37	0.49	0.0	
0.39	-0.49	0.0	
0.39	-0.47	0.0	
0.39	-0.45	0.0	
0.39	-0.43	0.0	
0.39	-0.41	0.0	
0.39	-0.39	0.0	
0.39	-0.37	0.0	
0.39	-0.35	0.0	
0.39	-0.33	0.0	
0.39	-0.31	0.0	
0.39	-0.29	0.0	
0.39	-0.27	0.0	
0.39	-0.25	0.0	
0.39	-0.23	0.0	
0.39	-0.21	0.0	
0.39	-0.19	0.0	
0.39	-0.17	0.0	
0.39	-0.15	0.0	
0.39	-0.13	0.0	
0.39	-0.11	0.0	
0.39	-0.09	0.0	
0.39	-0.07	0.0	
0.39	-0.05	0.0	
0.39	-0.03	0.0	
0.39	-0.01	0.0	
0.39	0.01	0.0	
0.39	0.03	0.0	
0.39	0.05	0.0	
0.39	0.07	0.0	
0.39	0.09	0.0	
0.39	0.11	0.0	
0.39	0.13	0.0	
0.39	0.15	0.0	
0.39	0.17	0.0	
0.39	0.19	0.0	
0.39	0.21	0.0	
0.39	0.23	0.0	
0.39	0.25	0.0	
0.39	0.27	0.0	
0.39	0.29	0.0	
0.39	0.31	0.0	
0.39	0.33	0.0	
0.39	0.35	0.0	
0.39	0.37	0.0	
0.39	0.39	0.0	
0.39	0.41	0.0	
0.39	0.43	0.0	
0.39	0.45	0.0	
0.39	0.47	0.0	
0.39	0.49	0.0	
0.41	-0.49	0.0	
0.41	-0.47	0.0	
0.41	-0.45	0.0	
0.41	-0.43	0.0	
0.41	-0.41	0.0	
0.41	-0.39	0.0	
0.41	-0.37	0.0	
0.41	-0.35	0.0	
0.41	-0.33	0.0	
0.41	-0.31	0.0	
0.41	-0.29	0.0	
0.41	-0.27	0.0	
0.41	-0.25	0.0	
0.41	-0.23	0.0	
0.41	-0.21	0.0	
0.41	-0.19	0.0	
0.41	-0.17	0.0	
0.41	-0.15	0.0	
0.41	-0.13	0.0	
0.41	-0.11	0.0	
0.41	-0.09	0.0	
0.41	-0.07	0.0	
0.41	-0.05	0.0	
0.41	-0.03	0.0	
0.41	-0.01	0.0	
0.41	0.01	0.0	
0.41	0.03	0.0	
0.41	0.05	0.0	
0.41	0.07	0.0	
0.41	0.09	0.0	
0.41	0.11	0.0	
0.41	0.13	0.0	
0.41	0.15	0.0	
0.41	0.17	0.0	
0.41	0.19	0.0	
0.41	0.21	0.0	
0.41	0.23	0.0	
0.41	0.25	0.0	
0.41	0.27	0.0	
0.41	0.29	0.0	
0.41	0.31	0.0	
0.41	0.33	0.0	
0.41	0.35	0.0	
0.41	0.37	0.0	
0.41	0.39	0.0	
0.41	0.41	0.0	
0.41	0.43	0.0	
0.41	0.45	0.0	
0.41	0.47	0.0	
0.41	0.49	0.0	
0.43	-0.49	0.0	
0.43	-0.47	0.0	
0.43	-0.45	0.0	
0.43	-0.43	0.0	
0.43	-0.41	0.0	
0.43	-0.39	0.0	
0.43	-0.37	0.0	
0.43	-0.35	0.0	
0.43	-0.33	0.0	
0.43	-0.31	0.0	
0.43	-0.29	0.0	
0.43	-0.27	0.0	
0.43	-0.25	0.0	
0.43	-0.23	0.0	
0.43	-0.21	0.0	
0.43	-0.19	0.0	
0.43	-0.17	0.0	
0.43	-0.15	0.0	
0.43	-0.13	0.0	
0.43	-0.11	0.0	
0.43	-0.09	0.0	
0.43	-0.07	0.0	
0.43	-0.05	0.0	
0.43	-0.03	0.0	
0.43	-0.01	0.0	
0.43	0.01	0.0	
0.43	0.03	0.0	
0.43	0.05	0.0	
0.43	0.07	0.0	
0.43	0.09	0.0	
0.43	0.11	0.0	
0.43	0.13	0.0	
0.43	0.15	0.0	
0.43	0.17	0.0	
0.43	0.19	0.0	
0.43	0.21	0.0	
0.43	0.23	0.0	
0.43	0.25	0.0	
0.43	0.27	0.0	
0.43	0.29	0.0	
0.43	0.31	0.0	
0.43	0.33	0.0	
0.43	0.35	0.0	
0.43	0.37	0.0	
0.43	0.39	0.0	
0.43	0.41	0.0	
0.43	0.43	0.0	
0.43	0.45	0.0	
0.43	0.47	0.0	
0.43	0.49	0.0	
0.45	-0.49	0.0	
0.45	-0.47	0.0	
0.45	-0.45	0.0	
0.45	-0.43	0.0	
0.45	-0.41	0.0	
0.45	-0.39	0.0	
0.45	-0.37	0.0	
0.45	-0.35	0.0	
0.45	-0.33	0.0	
0.45	-0.31	0.0	
0.45	-0.29	0.0	
0.45	-0.27	0.0	
0.45	-0.25	0.0	
0.45	-0.23	0.0	
0.45	-0.21	0.0	
0.45	-0.19	0.0	
0.45	-0.17	0.0	
0.45	-0.15	0.0	
0.45	-0.13	0.0	
0.45	-0.11	0.0	
0.45	-0.09	0.0	
0.45	-0.07	0.0	
0.45	-0.05	0.0	
0.45	-0.03	0.0	
0.45	-0.01	0.0	
0.45	0.01	0.0	
0.45	0.03	0.0	
0.45	0.05	0.0	
0.45	0.07	0.0	
0.45	0.09	0.0	
0.45	0.11	0.0	
0.45	0.13	0.0	
0.45	0.15	0.0	
0.45	0.17	0.0	
0.45	0.19	0.0	
0.45	0.21	0.0	
0.45	0.23	0.0	
0.45	0.25	0.0	
0.45	0.27	0.0	
0.45	0.29	0.0	
0.45	0.31	0.0	
0.45	0.33	0.0	
0.45	0.35	0.0	
0.45	0.37	0.0	
0.45	0.39	0.0	
0.45	0.41	0.0	
0.45	0.43	0.0	
0.45	0.45	0.0	
0.45	0.47	0.0	
0.45	0.49	0.0	
0.47	-0.49	0.0	
0.47	-0.47	0.0	
0.47	-0.45	0.0	
0.47	-0.43	0.0	
0.47	-0.41	0.0	
0.47	-0.39	0.0	
0.47	-0.37	0.0	
0.47	-0.35	0.0	
0.47	-0.33	0.0	
0.47	-0.31	0.0	
0.47	-0.29	0.0	
0.47	-0.27	0.0	
0.47	-0.25	0.0	
0.47	-0.23	0.0	
0.47	-0.21	0.0	
0.47	-0.19	0.0	
0.47	-0.17	0.0	
0.47	-0.15	0.0	
0.47	-0.13	0.0	
0.47	-0.11	0.0	
0.47	-0.09	0.0	
0.47	-0.07	0.0	
0.47	-0.05	0.0	
0.47	-0.03	0.0	
0.47	-0.01	0.0	
0.47	0.01	0.0	
0.47	0.03	0.0	
0.47	0.05	0.0	
0.47	0.07	0.0	
0.47	0.09	0.0	
0.47	0.11	0.0	
0.47	0.13	0.0	
0.47	0.15	0.0	
0.47	0.17	0.0	
0.47	0.19	0.0	
0.47	0.21	0.0	
0.47	0.23	0.0	
0.47	0.25	0.0	
0.47	0.27	0.0	
0.47	0.29	0.0	
0.47	0.31	0.0	
0.47	0.33	0.0	
0.47	0.35	0.0	
0.47	0.37	0.0	
0.47	0.39	0.0	
0.47	0.41	0.0	
0.47	0.43	0.0	
0.47	0.45	0.0	
0.47	0.47	0.0	
0.47	0.49	0.0	
0.49	-0.49	0.0	
0.49	-0.47	0.0	
0.49	-0.45	0.0	
0.49	-0.43	0.0	
0.49	-0.41	0.0	
0.49	-0.39	0.0	
0.49	-0.37	0.0	
0.49	-0.35	0.0	
0.49	-0.33	0.0	
0.49	-0.31	0.0	
0.49	-0.29	0.0	
0.49	-0.27	0.0	
0.49	-0.25	0.0	
0.49	-0.23	0.0	
0.49	-0.21	0.0	
0.49	-0.19	0.0	
0.49	-0.17	0.0	
0.49	-0.15	0.0	
0.49	-0.13	0.0	
0.49	-0.11	0.0	
0.49	-0.09	0.0	
0.49	-0.07	0.0	
0.49	-0.05	0.0	
0.49	-0.03	0.0	
0.49	-0.01	0.0	
0.49	0.01	0.0	
0.49	0.03	0.0	
0.49	0.05	0.0	
0.49	0.07	0.0	
0.49	0.09	0.0	
0.49	0.11	0.0	
0.49	0.13	0.0	
0.49	0.15	0.0	
0.49	0.17	0.0	
0.49	0.19	0.0	
0.49	0.21	0.0	
0.49	0.23	0.0	
0.49	0.25	0.0	
0.49	0.27	0.0	
0.49	0.29	0.0	
0.49	0.31	0.0	
0.49	0.33	0.0	
0.49	0.35	0.0	
0.49	0.37	0.0	
0.49	0.39	0.0	
0.49	0.41	0.0	
0.49	0.43	0.0	
0.49	0.45	0.0	
0.49	0.47	0.0	
0.49	0.49	0.0	
